%YAML:1.0
---
K: !!opencv-matrix
   rows: 3
   cols: 3
   dt: d
   data: [ 2.9867580098407288e+03, 0., 1.4879757024878122e+03, 0.,
       2.9855068804523153e+03, 1.4739591459960295e+03, 0., 0., 1. ]
D: !!opencv-matrix
   rows: 1
   cols: 5
   dt: d
   data: [ 1.8605260911609556e-01, -9.8441929995012667e-01,
       -3.1843170523372954e-03, -4.8211786912691987e-03,
       2.2256158313278620e+00 ]
